1.524543745069113500e+15
1.518588040477664500e+15
1.511223292801669500e+15
1.502903689365560750e+15
1.494151316296218000e+15
1.485527467918703250e+15
1.477603543249607000e+15
1.470930304593746500e+15
1.466009809266516000e+15
1.463266360486197000e+15
1.463025687825912250e+15
1.465496376891923500e+15
1.470759893253405000e+15
1.478765531497298000e+15
1.489334314282442000e+15
1.502169105715903250e+15
1.516871910615807500e+15
1.532966243687349250e+15
1.549924797435346750e+15
1.567199365957417000e+15
1.584253421036056000e+15
1.600591937597445500e+15
1.615790950817680000e+15
1.629521958615130000e+15
1.641571868097882750e+15
1.651855512943306500e+15
1.660421495125973000e+15
1.667449416543074000e+15
1.673240126839445500e+15
1.678197943306054500e+15
1.682807227370937500e+15
1.687603170924995000e+15
1.693139751388408000e+15
1.699955750436519250e+15
1.708540770639032250e+15
1.719303118037418250e+15
1.732542770462921250e+15
1.748429403702279000e+15
1.766988417358711750e+15
1.788094891829849250e+15
1.811477409318792500e+15
1.836730953993397500e+15
1.863339771052982750e+15
1.890708609741751000e+15
1.918201579739594500e+15
1.945186644042171750e+15
1.971083968223898500e+15
1.995415298639244500e+15
2.017850523474543750e+15
2.038249595859261500e+15
2.056696107966174750e+15
2.073519375273397750e+15
2.089302716552282500e+15
2.104874527327632250e+15
2.121282789746165500e+15
2.139750805880061750e+15
2.161616322898144500e+15
2.188254985482483250e+15
2.220992588867123000e+15
2.261009919862938500e+15
2.309247302151303000e+15
2.366313923998220000e+15
2.432412184384301000e+15
2.507280770517884000e+15
2.590168801926062500e+15
2.679843087864791000e+15
2.774636981818538500e+15
2.872540891954857000e+15
2.971338030469469500e+15
3.068778989764428000e+15
3.162794447821644500e+15
3.251733113073095500e+15
3.334616991174349000e+15
3.411396796844544500e+15
3.483194648723056500e+15
3.552514647460249000e+15
3.623406258064398500e+15
3.701563111941884500e+15
3.794345559521559500e+15
3.910713630783257500e+15
4.061067893302150000e+15
4.256993298411715000e+15
4.510913615320067000e+15
4.835662428811325000e+15
5.243989748626957000e+15
5.748021379644155000e+15
6.358697675503368000e+15
7.085216181247298000e+15
7.934508976066128000e+15
8.910780927621462000e+15
1.001513549750592400e+16
1.124531196579252400e+16
1.259555109086105400e+16
1.405660107234667800e+16
1.561586920754200400e+16
1.725771548128526600e+16
1.896387830998028400e+16
2.071401616664922400e+16
