2.414973414565918802e+21
2.386507510529169818e+21
2.330427424745146810e+21
2.248400226974688608e+21
2.142837495957338456e+21
2.016793723587724050e+21
1.873839239267703325e+21
1.717914186084746527e+21
1.553170945882307428e+21
1.383812841126898958e+21
1.213936920473507201e+21
1.047388174054308315e+21
8.876316635537633444e+20
7.376478553493764833e+20
5.998549961366884844e+20
4.760607665223536476e+20
3.674437923461200609e+20
2.745639883667623444e+20
1.973992490417118249e+20
1.354047672641087898e+20
8.759031629434108314e+19
5.261021303797150515e+19
2.886040911368461926e+19
1.457722336369186202e+19
7.932607650721187840e+18
7.121480791068764160e+18
1.043751323395134259e+19
1.633472872573901414e+19
2.347333633088727450e+19
3.074924621174220390e+19
3.730769136550223053e+19
4.254222131810790605e+19
4.608101202681035981e+19
4.776292323760463872e+19
4.760601983787597824e+19
4.577136142561173504e+19
4.252477126756167680e+19
3.819904920799589171e+19
3.315872734842756710e+19
2.776902088990103142e+19
2.237013866440209613e+19
1.725762572918356787e+19
1.266894658371824435e+19
8.776108407597296640e+18
5.683788121180121088e+18
3.432176166824381440e+18
2.003587309722651648e+18
1.331811380202643200e+18
1.313176174083406336e+18
1.818358162924826880e+18
2.704089308449217024e+18
3.824054317323411456e+18
5.038436783866575872e+18
6.221741082725940224e+18
7.268678154379339776e+18
8.098048795969763328e+18
8.654681921211380736e+18
8.909584387018867712e+18
8.858532640758211584e+18
8.519385696857317376e+18
7.928426160161439744e+18
7.136044266438690816e+18
6.202072560047155200e+18
5.191059123569403904e+18
4.167738121077604864e+18
3.192920269987687424e+18
2.319984718612893696e+18
1.592109311812240384e+18
1.040329774271203328e+18
6.824712381410432000e+17
5.229491316457705600e+17
5.533921845449238400e+17
7.539997849447408640e+17
1.095510817772040704e+18
1.541633091267902208e+18
2.051763017669645568e+18
2.583815537766637056e+18
3.096985063872588800e+18
3.554269548465325568e+18
3.924611063301149696e+18
4.184536189820161536e+18
4.319216123010041344e+18
4.322907202241689088e+18
4.198774787862415360e+18
3.958144065573139968e+18
3.619257664152063488e+18
3.205649447902904320e+18
2.744264576488383488e+18
2.263466697894562560e+18
1.791073532764647680e+18
1.352552506014204160e+18
9.694896241063902720e+17
6.584192586080701440e+17
4.300721196000060800e+17
2.890659903086939520e+17
2.340312982497822400e+17
2.581337076440307200e+17
3.499306769733388160e+17
4.944798900906474880e+17
6.746056145753022720e+17
8.722247249906570240e+17
1.069637109723405440e+18
1.250694683389364992e+18
1.401778049661828096e+18
1.512528502468525568e+18
1.576303864340542976e+18
1.590347975721048832e+18
1.555683922030384896e+18
1.476758992603340288e+18
1.360883881954362624e+18
1.217519085538801920e+18
1.057467478669370624e+18
8.920337037405653760e+17
7.322085280412619520e+17
5.879303114068385280e+17
4.674668515103568640e+17
3.769499704885902720e+17
3.200831245701441920e+17
2.980298947776654080e+17
3.094792228225265280e+17
3.508723629787416320e+17
4.167672752100133760e+17
5.003089973061670400e+17
5.937696726971587840e+17
6.891195044590222080e+17
7.785899499138421760e+17
8.551928357241491200e+17
9.131635208551064320e+17
9.483024278814430720e+17
9.581967855443836160e+17
9.423128002544441600e+17
9.019571859072427520e+17
8.401155008924491520e+17
7.611825532917564160e+17
6.706067672835033600e+17
5.744754541332587520e+17
4.790710958461109760e+17
3.904298441870220800e+17
3.139324129450280320e+17
2.539544894847149760e+17
2.135989440329857280e+17
1.945258282814274880e+17
1.968888868999658240e+17
2.193795840370421760e+17
2.593720302362134720e+17
3.131552307559605120e+17
3.762332585199102720e+17
4.436696874645120000e+17
5.104501866997342080e+17
5.718367115506264960e+17
6.236882207931280640e+17
6.627261376686297600e+17
6.867275592040128000e+17
6.946350999859141120e+17
6.865787557529075200e+17
6.638117785937943040e+17
6.285687670174955520e+17
5.838595364016806400e+17
5.332164763241309440e+17
4.804157577372244480e+17
4.291937867693246080e+17
3.829797058054451200e+17
3.446626345237217280e+17
3.164089520155209600e+17
2.995405610349020800e+17
2.944801194888506880e+17
3.007640707329272960e+17
3.171193446608842880e+17
3.415951912184128640e+17
3.717380408446016640e+17
4.047947767979035520e+17
4.379284760649630080e+17
4.684305584334438400e+17
4.939143174946837120e+17
5.124768538917876480e+17
5.228192876584778240e+17
5.243185462185882880e+17
5.170477370512016000e+17
5.017458456499072640e+17
4.797409927743553920e+17
4.528345151152144000e+17
4.231555205795320320e+17
3.929971875087592320e+17
3.646468585621950720e+17
3.402219155714853760e+17
3.215225573989438080e+17
3.099110334093040640e+17
3.062247451036414080e+17
3.107280815476737920e+17
3.231050820078277760e+17
3.424922092484366720e+17
3.675478513896462720e+17
3.965528152742510080e+17
4.275341709877863680e+17
4.584034639291562880e+17
4.870995979453937920e+17
5.117266394954854400e+17
5.306773853713664000e+17
5.427347213134535680e+17
5.471444853038217600e+17
